function data()
return {
	times = { 0, 41.667, 83.333, 125, 166.667, 208.333, 250, 291.667, 333.333, 375, 416.667, 458.333, 500, 541.667, 583.333, 625, 666.667, 708.333, 750, 791.667, 833.333, 875, 916.667, 958.333, 1000, 1041.667, 1083.333, 1125, 1166.667, 1208.333, 1250, 1291.667, 1333.333, 1375, 1416.667, 1458.333, 1500, 1541.667, 1583.333, 1625, 1666.667, 1708.333, 1750, 1791.667, 1833.333, 1875, 1916.667, 1958.333, 2000, 2041.667, 2083.333, 2125, 2166.667, 2208.333, 2250, 2291.667, 2333.333, 2375, 2416.667, 2458.333, 2500, 2541.667, 2583.333, 2625, 2666.667, 2708.333, 2750, 2791.667, 2833.333, 2875, 2916.667, 2958.333, 3000, 3041.667, 3083.333, 3125, 3166.667, 3208.333, 3250, 3291.667, 3333.333, 3375, 3416.667, 3458.333, 3500, 3541.667, 3583.333, 3625, 3666.667, 3708.333, 3750, 3791.667, 3833.333, 3875, 3916.667, 3958.333, 4000, 4041.667, 4083.333, 4125, 4166.667, },
	transfs = {
		{ 1, 0, 0, 0, 0, 1, 0, 0, 0, 0, 1, 0, 0, 0, 0, 1, },
		{ 1, 0, 0, 0, 0, 0.99802666902542, 0.062790527939796, 0, 0, -0.062790527939796, 0.99802666902542, 0, 0, 0, 0, 1, },
		{ 1, 0, 0, 0, 0, 0.99211466312408, 0.12533323466778, 0, 0, -0.12533323466778, 0.99211466312408, 0, 0, 0, 0, 1, },
		{ 1, 0, 0, 0, 0, 0.98228722810745, 0.1873813867569, 0, 0, -0.1873813867569, 0.98228722810745, 0, 0, 0, 0, 1, },
		{ 1, 0, 0, 0, 0, 0.96858310699463, 0.24868999421597, 0, 0, -0.24868999421597, 0.96858310699463, 0, 0, 0, 0, 1, },
		{ 1, 0, 0, 0, 0, 0.95105648040771, 0.30901703238487, 0, 0, -0.30901703238487, 0.95105648040771, 0, 0, 0, 0, 1, },
		{ 1, 0, 0, 0, 0, 0.92977648973465, 0.36812451481819, 0, 0, -0.36812451481819, 0.92977648973465, 0, 0, 0, 0, 1, },
		{ 1, 0, 0, 0, 0, 0.90482699871063, 0.42577934265137, 0, 0, -0.42577934265137, 0.90482699871063, 0, 0, 0, 0, 1, },
		{ 1, 0, 0, 0, 0, 0.87630653381348, 0.48175379633904, 0, 0, -0.48175379633904, 0.87630653381348, 0, 0, 0, 0, 1, },
		{ 1, 0, 0, 0, 0, 0.84432792663574, 0.53582668304443, 0, 0, -0.53582668304443, 0.84432792663574, 0, 0, 0, 0, 1, },
		{ 1, 0, 0, 0, 0, 0.80901694297791, 0.58778536319733, 0, 0, -0.58778536319733, 0.80901694297791, 0, 0, 0, 0, 1, },
		{ 1, 0, 0, 0, 0, 0.77051305770874, 0.63742423057556, 0, 0, -0.63742423057556, 0.77051305770874, 0, 0, 0, 0, 1, },
		{ 1, 0, 0, 0, 0, 0.72896862030029, 0.68454712629318, 0, 0, -0.68454712629318, 0.72896862030029, 0, 0, 0, 0, 1, },
		{ 1, 0, 0, 0, 0, 0.6845468878746, 0.72896873950958, 0, 0, -0.72896873950958, 0.6845468878746, 0, 0, 0, 0, 1, },
		{ 1, 0, 0, 0, 0, 0.6374237537384, 0.77051341533661, 0, 0, -0.77051341533661, 0.6374237537384, 0, 0, 0, 0, 1, },
		{ 1, 0, 0, 0, 0, 0.58778524398804, 0.80901700258255, 0, 0, -0.80901700258255, 0.58778524398804, 0, 0, 0, 0, 1, },
		{ 1, 0, 0, 0, 0, 0.53582656383514, 0.84432810544968, 0, 0, -0.84432810544968, 0.53582656383514, 0, 0, 0, 0, 1, },
		{ 1, 0, 0, 0, 0, 0.48175346851349, 0.87630677223206, 0, 0, -0.87630677223206, 0.48175346851349, 0, 0, 0, 0, 1, },
		{ 1, 0, 0, 0, 0, 0.42577913403511, 0.90482711791992, 0, 0, -0.90482711791992, 0.42577913403511, 0, 0, 0, 0, 1, },
		{ 1, 0, 0, 0, 0, 0.3681243956089, 0.92977648973465, 0, 0, -0.92977648973465, 0.3681243956089, 0, 0, 0, 0, 1, },
		{ 1, 0, 0, 0, 0, 0.30901685357094, 0.95105654001236, 0, 0, -0.95105654001236, 0.30901685357094, 0, 0, 0, 0, 1, },
		{ 1, 0, 0, 0, 0, 0.24868965148926, 0.96858322620392, 0, 0, -0.96858322620392, 0.24868965148926, 0, 0, 0, 0, 1, },
		{ 1, 0, 0, 0, 0, 0.18738110363483, 0.98228722810745, 0, 0, -0.98228722810745, 0.18738110363483, 0, 0, 0, 0, 1, },
		{ 1, 0, 0, 0, 0, 0.12533317506313, 0.99211466312408, 0, 0, -0.99211466312408, 0.12533317506313, 0, 0, 0, 0, 1, },
		{ 1, 0, 0, 0, 0, 0.062790229916573, 0.99802666902542, 0, 0, -0.99802666902542, 0.062790229916573, 0, 0, 0, 0, 1, },
		{ 1, 0, 0, 0, 0, -1.3315805347247e-07, 1, 0, 0, -1, -1.3315805347247e-07, 0, 0, 0, 0, 1, },
		{ 1, 0, 0, 0, 0, -0.062790758907795, 0.99802666902542, 0, 0, -0.99802666902542, -0.062790758907795, 0, 0, 0, 0, 1, },
		{ 1, 0, 0, 0, 0, -0.12533330917358, 0.99211466312408, 0, 0, -0.99211466312408, -0.12533330917358, 0, 0, 0, 0, 1, },
		{ 1, 0, 0, 0, 0, -0.18738149106503, 0.98228722810745, 0, 0, -0.98228722810745, -0.18738149106503, 0, 0, 0, 0, 1, },
		{ 1, 0, 0, 0, 0, -0.24868978559971, 0.96858310699463, 0, 0, -0.96858310699463, -0.24868978559971, 0, 0, 0, 0, 1, },
		{ 1, 0, 0, 0, 0, -0.30901712179184, 0.95105648040771, 0, 0, -0.95105648040771, -0.30901712179184, 0, 0, 0, 0, 1, },
		{ 1, 0, 0, 0, 0, -0.3681246638298, 0.92977637052536, 0, 0, -0.92977637052536, -0.3681246638298, 0, 0, 0, 0, 1, },
		{ 1, 0, 0, 0, 0, -0.42577913403511, 0.90482711791992, 0, 0, -0.90482711791992, -0.42577913403511, 0, 0, 0, 0, 1, },
		{ 1, 0, 0, 0, 0, -0.48175379633904, 0.87630653381348, 0, 0, -0.87630653381348, -0.48175379633904, 0, 0, 0, 0, 1, },
		{ 1, 0, 0, 0, 0, -0.53582692146301, 0.84432780742645, 0, 0, -0.84432780742645, -0.53582692146301, 0, 0, 0, 0, 1, },
		{ 1, 0, 0, 0, 0, -0.58778536319733, 0.80901694297791, 0, 0, -0.80901694297791, -0.58778536319733, 0, 0, 0, 0, 1, },
		{ 1, 0, 0, 0, 0, -0.63742387294769, 0.77051335573196, 0, 0, -0.77051335573196, -0.63742387294769, 0, 0, 0, 0, 1, },
		{ 1, 0, 0, 0, 0, -0.68454706668854, 0.72896867990494, 0, 0, -0.72896867990494, -0.68454706668854, 0, 0, 0, 0, 1, },
		{ 1, 0, 0, 0, 0, -0.72896867990494, 0.68454706668854, 0, 0, -0.68454706668854, -0.72896867990494, 0, 0, 0, 0, 1, },
		{ 1, 0, 0, 0, 0, -0.77051335573196, 0.63742387294769, 0, 0, -0.63742387294769, -0.77051335573196, 0, 0, 0, 0, 1, },
		{ 1, 0, 0, 0, 0, -0.80901700258255, 0.58778524398804, 0, 0, -0.58778524398804, -0.80901700258255, 0, 0, 0, 0, 1, },
		{ 1, 0, 0, 0, 0, -0.84432798624039, 0.53582668304443, 0, 0, -0.53582668304443, -0.84432798624039, 0, 0, 0, 0, 1, },
		{ 1, 0, 0, 0, 0, -0.87630677223206, 0.48175346851349, 0, 0, -0.48175346851349, -0.87630677223206, 0, 0, 0, 0, 1, },
		{ 1, 0, 0, 0, 0, -0.90482699871063, 0.4257792532444, 0, 0, -0.4257792532444, -0.90482699871063, 0, 0, 0, 0, 1, },
		{ 1, 0, 0, 0, 0, -0.92977648973465, 0.3681243956089, 0, 0, -0.3681243956089, -0.92977648973465, 0, 0, 0, 0, 1, },
		{ 1, 0, 0, 0, 0, -0.95105654001236, 0.30901670455933, 0, 0, -0.30901670455933, -0.95105654001236, 0, 0, 0, 0, 1, },
		{ 1, 0, 0, 0, 0, -0.96858310699463, 0.24868978559971, 0, 0, -0.24868978559971, -0.96858310699463, 0, 0, 0, 0, 1, },
		{ 1, 0, 0, 0, 0, -0.98228722810745, 0.18738110363483, 0, 0, -0.18738110363483, -0.98228722810745, 0, 0, 0, 0, 1, },
		{ 1, 0, 0, 0, 0, -0.99211466312408, 0.12533317506313, 0, 0, -0.12533317506313, -0.99211466312408, 0, 0, 0, 0, 1, },
		{ 1, 0, 0, 0, 0, -0.99802666902542, 0.062790095806122, 0, 0, -0.062790095806122, -0.99802666902542, 0, 0, 0, 0, 1, },
		{ 1, 0, 0, 0, 0, -1, -2.6631610694494e-07, 0, 0, 2.6631610694494e-07, -1, 0, 0, 0, 0, 1, },
		{ 1, 0, 0, 0, 0, -0.99802666902542, -0.062791153788567, 0, 0, 0.062791153788567, -0.99802666902542, 0, 0, 0, 0, 1, },
		{ 1, 0, 0, 0, 0, -0.99211466312408, -0.12533371150494, 0, 0, 0.12533371150494, -0.99211466312408, 0, 0, 0, 0, 1, },
		{ 1, 0, 0, 0, 0, -0.98228722810745, -0.18738137185574, 0, 0, 0.18738137185574, -0.98228722810745, 0, 0, 0, 0, 1, },
		{ 1, 0, 0, 0, 0, -0.96858304738998, -0.24869029223919, 0, 0, 0.24869029223919, -0.96858304738998, 0, 0, 0, 0, 1, },
		{ 1, 0, 0, 0, 0, -0.95105654001236, -0.30901700258255, 0, 0, 0.30901700258255, -0.95105654001236, 0, 0, 0, 0, 1, },
		{ 1, 0, 0, 0, 0, -0.92977637052536, -0.36812490224838, 0, 0, 0.36812490224838, -0.92977637052536, 0, 0, 0, 0, 1, },
		{ 1, 0, 0, 0, 0, -0.90482693910599, -0.42577949166298, 0, 0, 0.42577949166298, -0.90482693910599, 0, 0, 0, 0, 1, },
		{ 1, 0, 0, 0, 0, -0.87630665302277, -0.48175370693207, 0, 0, 0.48175370693207, -0.87630665302277, 0, 0, 0, 0, 1, },
		{ 1, 0, 0, 0, 0, -0.84432762861252, -0.53582715988159, 0, 0, 0.53582715988159, -0.84432762861252, 0, 0, 0, 0, 1, },
		{ 1, 0, 0, 0, 0, -0.80901700258255, -0.58778524398804, 0, 0, 0.58778524398804, -0.80901700258255, 0, 0, 0, 0, 1, },
		{ 1, 0, 0, 0, 0, -0.77051293849945, -0.63742429018021, 0, 0, 0.63742429018021, -0.77051293849945, 0, 0, 0, 0, 1, },
		{ 1, 0, 0, 0, 0, -0.72896832227707, -0.68454748392105, 0, 0, 0.68454748392105, -0.72896832227707, 0, 0, 0, 0, 1, },
		{ 1, 0, 0, 0, 0, -0.6845468878746, -0.72896885871887, 0, 0, 0.72896885871887, -0.6845468878746, 0, 0, 0, 0, 1, },
		{ 1, 0, 0, 0, 0, -0.63742387294769, -0.77051335573196, 0, 0, 0.77051335573196, -0.63742387294769, 0, 0, 0, 0, 1, },
		{ 1, 0, 0, 0, 0, -0.58778548240662, -0.80901682376862, 0, 0, 0.80901682376862, -0.58778548240662, 0, 0, 0, 0, 1, },
		{ 1, 0, 0, 0, 0, -0.53582626581192, -0.84432828426361, 0, 0, 0.84432828426361, -0.53582626581192, 0, 0, 0, 0, 1, },
		{ 1, 0, 0, 0, 0, -0.48175394535065, -0.87630653381348, 0, 0, 0.87630653381348, -0.48175394535065, 0, 0, 0, 0, 1, },
		{ 1, 0, 0, 0, 0, -0.42577901482582, -0.90482717752457, 0, 0, 0.90482717752457, -0.42577901482582, 0, 0, 0, 0, 1, },
		{ 1, 0, 0, 0, 0, -0.3681246638298, -0.92977637052536, 0, 0, 0.92977637052536, -0.3681246638298, 0, 0, 0, 0, 1, },
		{ 1, 0, 0, 0, 0, -0.30901622772217, -0.95105671882629, 0, 0, 0.95105671882629, -0.30901622772217, 0, 0, 0, 0, 1, },
		{ 1, 0, 0, 0, 0, -0.24869003891945, -0.96858310699463, 0, 0, 0.96858310699463, -0.24869003891945, 0, 0, 0, 0, 1, },
		{ 1, 0, 0, 0, 0, -0.18738162517548, -0.98228716850281, 0, 0, 0.98228716850281, -0.18738162517548, 0, 0, 0, 0, 1, },
		{ 1, 0, 0, 0, 0, -0.12533344328403, -0.99211466312408, 0, 0, 0.99211466312408, -0.12533344328403, 0, 0, 0, 0, 1, },
		{ 1, 0, 0, 0, 0, -0.062790624797344, -0.99802666902542, 0, 0, 0.99802666902542, -0.062790624797344, 0, 0, 0, 0, 1, },
		{ 1, 0, 0, 0, 0, -1.83697001418e-16, -1, 0, 0, 1, -1.83697001418e-16, 0, 0, 0, 0, 1, },
		{ 1, 0, 0, 0, 0, 0.062790624797344, -0.99802666902542, 0, 0, 0.99802666902542, 0.062790624797344, 0, 0, 0, 0, 1, },
		{ 1, 0, 0, 0, 0, 0.12533344328403, -0.99211466312408, 0, 0, 0.99211466312408, 0.12533344328403, 0, 0, 0, 0, 1, },
		{ 1, 0, 0, 0, 0, 0.18738162517548, -0.98228716850281, 0, 0, 0.98228716850281, 0.18738162517548, 0, 0, 0, 0, 1, },
		{ 1, 0, 0, 0, 0, 0.24868978559971, -0.96858310699463, 0, 0, 0.96858310699463, 0.24868978559971, 0, 0, 0, 0, 1, },
		{ 1, 0, 0, 0, 0, 0.30901700258255, -0.95105654001236, 0, 0, 0.95105654001236, 0.30901700258255, 0, 0, 0, 0, 1, },
		{ 1, 0, 0, 0, 0, 0.3681246638298, -0.92977637052536, 0, 0, 0.92977637052536, 0.3681246638298, 0, 0, 0, 0, 1, },
		{ 1, 0, 0, 0, 0, 0.42577949166298, -0.90482693910599, 0, 0, 0.90482693910599, 0.42577949166298, 0, 0, 0, 0, 1, },
		{ 1, 0, 0, 0, 0, 0.48175394535065, -0.87630653381348, 0, 0, 0.87630653381348, 0.48175394535065, 0, 0, 0, 0, 1, },
		{ 1, 0, 0, 0, 0, 0.53582715988159, -0.84432762861252, 0, 0, 0.84432762861252, 0.53582715988159, 0, 0, 0, 0, 1, },
		{ 1, 0, 0, 0, 0, 0.58778524398804, -0.80901700258255, 0, 0, 0.80901700258255, 0.58778524398804, 0, 0, 0, 0, 1, },
		{ 1, 0, 0, 0, 0, 0.63742405176163, -0.77051317691803, 0, 0, 0.77051317691803, 0.63742405176163, 0, 0, 0, 0, 1, },
		{ 1, 0, 0, 0, 0, 0.68454724550247, -0.728968501091, 0, 0, 0.728968501091, 0.68454724550247, 0, 0, 0, 0, 1, },
		{ 1, 0, 0, 0, 0, 0.72896885871887, -0.6845468878746, 0, 0, 0.6845468878746, 0.72896885871887, 0, 0, 0, 0, 1, },
		{ 1, 0, 0, 0, 0, 0.77051317691803, -0.63742405176163, 0, 0, 0.63742405176163, 0.77051317691803, 0, 0, 0, 0, 1, },
		{ 1, 0, 0, 0, 0, 0.80901730060577, -0.58778482675552, 0, 0, 0.58778482675552, 0.80901730060577, 0, 0, 0, 0, 1, },
		{ 1, 0, 0, 0, 0, 0.84432828426361, -0.53582626581192, 0, 0, 0.53582626581192, 0.84432828426361, 0, 0, 0, 0, 1, },
		{ 1, 0, 0, 0, 0, 0.87630677223206, -0.48175346851349, 0, 0, 0.48175346851349, 0.87630677223206, 0, 0, 0, 0, 1, },
		{ 1, 0, 0, 0, 0, 0.90482693910599, -0.42577949166298, 0, 0, 0.42577949166298, 0.90482693910599, 0, 0, 0, 0, 1, },
		{ 1, 0, 0, 0, 0, 0.92977666854858, -0.36812415719032, 0, 0, 0.36812415719032, 0.92977666854858, 0, 0, 0, 0, 1, },
		{ 1, 0, 0, 0, 0, 0.95105665922165, -0.30901649594307, 0, 0, 0.30901649594307, 0.95105665922165, 0, 0, 0, 0, 1, },
		{ 1, 0, 0, 0, 0, 0.96858310699463, -0.24868978559971, 0, 0, 0.24868978559971, 0.96858310699463, 0, 0, 0, 0, 1, },
		{ 1, 0, 0, 0, 0, 0.98228722810745, -0.18738110363483, 0, 0, 0.18738110363483, 0.98228722810745, 0, 0, 0, 0, 1, },
		{ 1, 0, 0, 0, 0, 0.99211472272873, -0.12533238530159, 0, 0, 0.12533238530159, 0.99211472272873, 0, 0, 0, 0, 1, },
		{ 1, 0, 0, 0, 0, 0.99802666902542, -0.062790624797344, 0, 0, 0.062790624797344, 0.99802666902542, 0, 0, 0, 0, 1, },
		{ 1, 0, 0, 0, 0, 1, -2.4492937051703e-16, 0, 0, 2.4492937051703e-16, 1, 0, 0, 0, 0, 1, },
	},
}
end
